10

0
0.000000
0.000000
0.000000
0.000000
0.000000
0.000000
0.000000
0.000000
0.000000
0.000000
13.516270
0.000000
0.000000
-8.159837
0.000000
0.000000
5.451707
0.000000
0.000000
-0.916836
0.000000
0.000000
0.000000
1.000000
0.000000
1.000000

1
0.564600
0.000000
0.000000
0.000000
0.000000
-38.662270
0.000000
0.000000
0.000000
0.000000
13.516270
0.000000
0.000000
-8.159837
0.000000
0.000000
5.451707
0.000000
0.000000
-0.916836
0.000000
0.000000
0.000000
1.000000
0.000000
1.000000

2
1.057891
0.000000
0.000000
0.961896
0.000000
-38.662270
0.000000
0.000000
0.000000
0.000000
13.516270
0.000000
0.000000
-8.159837
0.000000
0.000000
5.451707
0.000000
0.000000
-0.916836
0.000000
0.000000
0.000000
1.000000
0.000000
1.000000

3
1.286835
0.000000
0.000000
0.961896
0.000000
-16.771505
0.000000
0.000000
0.000000
0.000000
13.516270
0.000000
0.000000
-8.159837
0.000000
0.000000
5.451707
0.000000
0.000000
-0.916836
0.000000
0.000000
0.000000
1.000000
0.000000
1.000000

4
1.830542
0.000000
0.000000
0.961896
0.000000
-16.373140
0.000000
0.000000
0.000000
0.000000
13.516270
0.000000
0.000000
-8.159837
0.000000
0.000000
5.451707
0.000000
0.000000
-0.916836
0.000000
0.000000
0.000000
2.000000
0.000000
2.000000

5
2.038595
0.000000
0.000000
0.961896
0.000000
-5.215900
0.000000
0.000000
0.000000
0.000000
13.516270
0.000000
0.000000
-8.159837
0.000000
0.000000
5.451707
0.000000
0.000000
-0.916836
0.000000
0.000000
0.000000
2.000000
0.000000
2.000000

6
2.137424
0.000000
0.000000
0.961896
0.000000
-5.215900
0.000000
0.000000
0.000000
0.000000
13.516270
0.000000
0.000000
-10.582412
13.332903
0.000000
5.451707
0.000000
0.000000
-0.916836
0.000000
0.000000
17.733723
2.000000
-22.501308
2.000000

7
2.242508
0.000000
0.000000
0.961896
0.000000
-5.215900
0.000000
26.560062
0.000000
0.000000
13.516270
0.000000
0.000000
-10.582412
13.332903
0.000000
5.451707
0.000000
0.000000
-0.916836
0.000000
0.000000
17.733723
2.000000
-22.501308
2.000000

8
2.847859
0.000000
0.000000
0.961896
0.000000
-5.215900
0.000000
-12.468984
0.000000
0.000000
13.516270
0.000000
0.000000
-10.582412
13.332903
0.000000
5.451707
0.000000
0.000000
-0.916836
0.000000
0.000000
17.733723
2.000000
-22.501308
2.000000

9
3.290216
0.000000
0.000000
0.961896
0.000000
-5.215900
0.000000
-12.468984
0.000000
12.662203
13.516270
0.000000
0.000000
-10.582412
13.332903
0.000000
5.451707
0.000000
0.000000
-0.916836
0.000000
0.000000
17.733723
2.000000
-22.501308
2.000000

10
3.803883
0.000000
0.000000
1.618178
0.000000
-5.215900
0.000000
-12.468984
0.000000
12.662203
13.516270
0.000000
0.000000
-10.582412
13.332903
0.000000
5.451707
0.000000
0.000000
-0.916836
0.000000
0.000000
17.733723
2.000000
-22.501308
2.000000

